%YAML:1.0
---
M1: !!opencv-matrix
   rows: 3
   cols: 3
   dt: d
   data: [ 2018.16322055342,	 -4.43187400395547,         626.795502676513,
               	       0,	                  2013.40273891104,           605.322783670577,
                        0,	                             0,                                            1
             ]
D1: !!opencv-matrix
   rows: 1
   cols: 5
   dt: d
   data: [0.101755343148324,
            -0.828885008443791,
             0.00399885950790331,
            -0.0233028022306685,
            0]





