%YAML:1.0
---
IntrinsicParameters_fx: 2018.16322055342
IntrinsicParameters_fy: 2013.40273891104
IntrinsicParameters_u0: 626.795502676513
IntrinsicParameters_v0: 605.322783670577
DistortionFactor_k1: 0.101755343148324
DistortionFactor_k2: -0.828885008443791
DistortionFactor_k3: 0
DistortionFactor_p1: 0.00399885950790331
DistortionFactor_p2: -0.0233028022306685
M1: !!opencv-matrix
   rows: 3
   cols: 3
   dt: d
   data: [2018.16322055342,-4.43187400395547,626.795502676513,0,2013.40273891104,605.322783670577,0,0,1]
D1: !!opencv-matrix
   rows: 1
   cols: 5
   dt: d
   data: [0.101755343148324,
         -0.828885008443791,
          0.00399885950790331,
         -0.0233028022306685,
          0]


